                Trash           35 cm           12 cm           20 cm           20 cm
Current(mA)     Output1(mW)     Output2(mW)     Output3(mW)     Output4(mW)     Output5(mW)
495             1.17            0.76            1.45            8.39            15.63
490             1.14            0.74            1.40            9.01            15.29
480             1.12            0.68            1.45            9.45            14.36
470             1.09            0.71            1.55            8.84            13.91
460             1.06            0.64            1.49            8.49            13.46
450             0.97            0.63            1.37            8.15            12.78
440             0.80            0.65            1.30            7.55            12.24
430             0.80            0.64            1.31            6.99            11.49
420             0.79            0.59            1.25            6.69            10.58
410             0.76            0.57            1.13            5.70            10.40
400             0.70            0.50            0.99            4.35            9.87
390             0.64            0.51            0.93            3.48            9.42
380             0.55            0.50            0.85            2.70            9.03
370             ----            0.49            0.75            2.14            8.15
360             ----            0.45            0.59            1.66            8.64
350             ----            0.37            0.48            1.38            7.99
340             ----            0.31            0.40            0.98            7.07
330             ----            0.28            0.32            0.77            6.32
320             ----            0.22            0.25            0.63            6.34
310             ----            0.21            0.22            0.50            5.07
300             ----            0.17            0.21            0.40            4.49
290             ----            0.14            0.15            ----            3.93
280             ----            0.10            0.12            ----            3.77
270             ----            0.07            0.10
260             ----            0.06            0.08
250             ----            0.05            0.06
240             ----            0.04            0.03
230             ----            0.02            0.01
220             ----            0.01            0.00
210             ----            0.00            0.00
