                12 cm           12 cm, mirror far away      12 cm, mirror close
Current(mA)     Output(mW)      Output2(mW)                 Output3(mW)
495             0.63            0.158                       0.251
490             0.60            0.160                       0.242
480             0.55            0.155                       0.230
470             0.62            0.156                       0.209
460             0.59            0.141                       0.202
450             0.52            0.135                       0.190
440             0.59            0.110                       0.171
430             0.63            0.108                       0.155
420             0.54            0.093                       0.126
410             0.52            0.075                       0.109
400             0.55            0.071                       0.098
390             0.49            0.070                       0.088
380             0.43            0.069                       0.089
370             0.37            0.068                       0.081
360             0.34            -----                       0.078
350             0.30            -----                       0.072
340             0.26            -----                       
330             0.24            -----                       
320             0.21            -----                       
310             0.19            
300             0.17            
290             0.15
280             0.12
270             0.10
260             0.09
250             0.07
240             0.05
230             0.03
220             0.02
210             0.01
200             0.01
190             0.00