19/03/2024	3:52 PM
Amplitude: 2.00 V
Freq  (Hz) 	 Gain (dB)  	 Phase (deg)
200.979             -0.901            -17.755
234.321             -1.044            -20.346
273.250             -1.230            -23.516
318.512             -1.474            -26.759
371.411             -1.786            -30.666
433.065             -2.181            -34.602
504.963             -2.661            -38.711
588.596             -3.222            -43.123
686.385             -3.913            -47.655
800.192             -4.685            -51.793
932.999             -5.577            -55.988
1087.785             -6.535            -59.788
1268.275             -7.565            -63.332
1478.568             -8.687            -66.636
1723.878             -9.841            -69.758
